city,request sent,response received
Fatehpur,Request 0 sent for fatehpur.,Response code 200 received for fatehpur.
Jamestown,Request 1 sent for jamestown.,Response code 200 received for jamestown.
Ushuaia,Request 2 sent for ushuaia.,Response code 200 received for ushuaia.
Castro,Request 4 sent for castro.,Response code 200 received for castro.
Chokurdakh,Request 5 sent for chokurdakh.,Response code 200 received for chokurdakh.
Quatre Cocos,Request 6 sent for quatre cocos.,Response code 200 received for quatre cocos.
Butaritari,Request 7 sent for butaritari.,Response code 200 received for butaritari.
Athabasca,Request 8 sent for athabasca.,Response code 200 received for athabasca.
Rikitea,Request 9 sent for rikitea.,Response code 200 received for rikitea.
Saint-François,Request 10 sent for saint-francois.,Response code 200 received for saint-francois.
Busselton,Request 11 sent for busselton.,Response code 200 received for busselton.
Spassk-Ryazanskiy,Request 12 sent for spassk-ryazanskiy.,Response code 200 received for spassk-ryazanskiy.
Punta Arenas,Request 13 sent for punta arenas.,Response code 200 received for punta arenas.
Thunder Bay,Request 14 sent for thunder bay.,Response code 200 received for thunder bay.
Kapaa,Request 15 sent for kapaa.,Response code 200 received for kapaa.
Hong Kong,Request 17 sent for victoria.,Response code 200 received for victoria.
Atuona,Request 18 sent for atuona.,Response code 200 received for atuona.
Bredasdorp,Request 19 sent for bredasdorp.,Response code 200 received for bredasdorp.
Brodick,Request 21 sent for brodick.,Response code 200 received for brodick.
Chernyshevskiy,Request 22 sent for chernyshevskiy.,Response code 200 received for chernyshevskiy.
Mahébourg,Request 23 sent for mahebourg.,Response code 200 received for mahebourg.
Mogadishu,Request 24 sent for mogadishu.,Response code 200 received for mogadishu.
Yellowknife,Request 25 sent for yellowknife.,Response code 200 received for yellowknife.
Padang,Request 26 sent for padang.,Response code 200 received for padang.
Comodoro Rivadavia,Request 28 sent for comodoro rivadavia.,Response code 200 received for comodoro rivadavia.
Port Hedland,Request 30 sent for port hedland.,Response code 200 received for port hedland.
Maniitsoq,Request 31 sent for maniitsoq.,Response code 200 received for maniitsoq.
Veselynove,Request 32 sent for veselynove.,Response code 200 received for veselynove.
Bethel,Request 33 sent for bethel.,Response code 200 received for bethel.
Sangar,Request 34 sent for sangar.,Response code 200 received for sangar.
Hobart,Request 35 sent for hobart.,Response code 200 received for hobart.
Albany,Request 36 sent for albany.,Response code 200 received for albany.
Anchorage,Request 37 sent for anchorage.,Response code 200 received for anchorage.
Port Alfred,Request 38 sent for port alfred.,Response code 200 received for port alfred.
Yulara,Request 39 sent for yulara.,Response code 200 received for yulara.
Ballina,Request 40 sent for ballina.,Response code 200 received for ballina.
Upernavik,Request 41 sent for upernavik.,Response code 200 received for upernavik.
Porto de Moz,Request 42 sent for porto de moz.,Response code 200 received for porto de moz.
Lompoc,Request 43 sent for lompoc.,Response code 200 received for lompoc.
Bluff,Request 44 sent for bluff.,Response code 200 received for bluff.
Lebu,Request 45 sent for lebu.,Response code 200 received for lebu.
San Cristobal,Request 47 sent for san cristobal.,Response code 200 received for san cristobal.
Medeiros Neto,Request 48 sent for medeiros neto.,Response code 200 received for medeiros neto.
Bay Saint Louis,Request 49 sent for bay saint louis.,Response code 200 received for bay saint louis.
Tahara,Request 50 sent for tahara.,Response code 200 received for tahara.
Grindavik,Request 51 sent for grindavik.,Response code 200 received for grindavik.
Orocué,Request 52 sent for orocue.,Response code 200 received for orocue.
Mataura,Request 53 sent for mataura.,Response code 200 received for mataura.
San Policarpo,Request 54 sent for san policarpo.,Response code 200 received for san policarpo.
Lomas de Sargentillo,Request 55 sent for lomas de sargentillo.,Response code 200 received for lomas de sargentillo.
Dickinson,Request 56 sent for dickinson.,Response code 200 received for dickinson.
Kavieng,Request 57 sent for kavieng.,Response code 200 received for kavieng.
Maumere,Request 58 sent for maumere.,Response code 200 received for maumere.
Hithadhoo,Request 59 sent for hithadhoo.,Response code 200 received for hithadhoo.
Kavaratti,Request 60 sent for kavaratti.,Response code 200 received for kavaratti.
Mehamn,Request 61 sent for mehamn.,Response code 200 received for mehamn.
Avarua,Request 62 sent for avarua.,Response code 200 received for avarua.
Carnarvon,Request 63 sent for carnarvon.,Response code 200 received for carnarvon.
São Gabriel da Cachoeira,Request 64 sent for sao gabriel da cachoeira.,Response code 200 received for sao gabriel da cachoeira.
Leh,Request 65 sent for leh.,Response code 200 received for leh.
Saskylakh,Request 66 sent for saskylakh.,Response code 200 received for saskylakh.
New Norfolk,Request 67 sent for new norfolk.,Response code 200 received for new norfolk.
Miranda,Request 68 sent for miranda.,Response code 200 received for miranda.
George Town,Request 70 sent for georgetown.,Response code 200 received for georgetown.
Rabo de Peixe,Request 72 sent for rabo de peixe.,Response code 200 received for rabo de peixe.
Ostrovnoy,Request 73 sent for ostrovnoy.,Response code 200 received for ostrovnoy.
Cidreira,Request 74 sent for cidreira.,Response code 200 received for cidreira.
Ardino,Request 75 sent for ardino.,Response code 200 received for ardino.
Estelle,Request 76 sent for estelle.,Response code 200 received for estelle.
Naze,Request 78 sent for naze.,Response code 200 received for naze.
Port Elizabeth,Request 79 sent for port elizabeth.,Response code 200 received for port elizabeth.
Bukachacha,Request 80 sent for bukachacha.,Response code 200 received for bukachacha.
Torbay,Request 81 sent for torbay.,Response code 200 received for torbay.
Kaitangata,Request 82 sent for kaitangata.,Response code 200 received for kaitangata.
San Martín,Request 84 sent for san martin.,Response code 200 received for san martin.
Bambous Virieux,Request 85 sent for bambous virieux.,Response code 200 received for bambous virieux.
Ryōtsu-minato,Request 86 sent for ryotsu.,Response code 200 received for ryotsu.
Deer Lake,Request 87 sent for deer lake.,Response code 200 received for deer lake.
Nantucket,Request 88 sent for nantucket.,Response code 200 received for nantucket.
Tuktoyaktuk,Request 89 sent for tuktoyaktuk.,Response code 200 received for tuktoyaktuk.
Corn Island,Request 90 sent for corn island.,Response code 200 received for corn island.
Lufkin,Request 91 sent for lufkin.,Response code 200 received for lufkin.
Lehigh Acres,Request 92 sent for lehigh acres.,Response code 200 received for lehigh acres.
Bilibino,Request 93 sent for bilibino.,Response code 200 received for bilibino.
Leningradskiy,Request 94 sent for leningradskiy.,Response code 200 received for leningradskiy.
Cravo Norte,Request 95 sent for cravo norte.,Response code 200 received for cravo norte.
Teya,Request 96 sent for teya.,Response code 200 received for teya.
Sabha,Request 97 sent for sabha.,Response code 200 received for sabha.
High Level,Request 98 sent for high level.,Response code 200 received for high level.
Waingapu,Request 99 sent for waingapu.,Response code 200 received for waingapu.
Amurzet,Request 100 sent for amurzet.,Response code 200 received for amurzet.
Srednekolymsk,Request 101 sent for srednekolymsk.,Response code 200 received for srednekolymsk.
Tucumcari,Request 102 sent for tucumcari.,Response code 200 received for tucumcari.
Plettenberg Bay,Request 103 sent for plettenberg bay.,Response code 200 received for plettenberg bay.
Dongzhen,Request 104 sent for dongzhen.,Response code 200 received for dongzhen.
Sipe Sipe,Request 105 sent for sipe sipe.,Response code 200 received for sipe sipe.
Ilulissat,Request 106 sent for ilulissat.,Response code 200 received for ilulissat.
Cape Town,Request 107 sent for cape town.,Response code 200 received for cape town.
Neya,Request 108 sent for neya.,Response code 200 received for neya.
Moranbah,Request 109 sent for moranbah.,Response code 200 received for moranbah.
Zdvinsk,Request 110 sent for zdvinsk.,Response code 200 received for zdvinsk.
La Ronge,Request 112 sent for la ronge.,Response code 200 received for la ronge.
Yerofey Pavlovich,Request 113 sent for yerofey pavlovich.,Response code 200 received for yerofey pavlovich.
Port Lincoln,Request 114 sent for port lincoln.,Response code 200 received for port lincoln.
Key Largo,Request 115 sent for key largo.,Response code 200 received for key largo.
Chulumani,Request 116 sent for chulumani.,Response code 200 received for chulumani.
Araguaína,Request 117 sent for araguaina.,Response code 200 received for araguaina.
Sinnamary,Request 118 sent for sinnamary.,Response code 200 received for sinnamary.
Hasaki,Request 120 sent for hasaki.,Response code 200 received for hasaki.
Pevek,Request 121 sent for pevek.,Response code 200 received for pevek.
Saint Anthony,Request 122 sent for saint anthony.,Response code 200 received for saint anthony.
Saint Paul Harbor,Request 124 sent for kodiak.,Response code 200 received for kodiak.
Punta Alta,Request 125 sent for punta alta.,Response code 200 received for punta alta.
Furano,Request 126 sent for furano.,Response code 200 received for furano.
East London,Request 127 sent for east london.,Response code 200 received for east london.
Deputatsky,Request 128 sent for deputatskiy.,Response code 200 received for deputatskiy.
Marzuq,Request 129 sent for marzuq.,Response code 200 received for marzuq.
‘Ewa Beach,Request 130 sent for ewa beach.,Response code 200 received for ewa beach.
Abu Samrah,Request 131 sent for abu samrah.,Response code 200 received for abu samrah.
Kotido,Request 132 sent for kotido.,Response code 200 received for kotido.
Katima Mulilo,Request 133 sent for katima mulilo.,Response code 200 received for katima mulilo.
Capitán Bado,Request 134 sent for capitan bado.,Response code 200 received for capitan bado.
Vardø,Request 135 sent for vardo.,Response code 200 received for vardo.
Souillac,Request 136 sent for souillac.,Response code 200 received for souillac.
Kharhiāl,Request 137 sent for kharhial.,Response code 200 received for kharhial.
Coyhaique,Request 138 sent for coihaique.,Response code 200 received for coihaique.
São José da Coroa Grande,Request 139 sent for sao jose da coroa grande.,Response code 200 received for sao jose da coroa grande.
Tessalit,Request 140 sent for tessalit.,Response code 200 received for tessalit.
Hermanus,Request 141 sent for hermanus.,Response code 200 received for hermanus.
Kampot,Request 142 sent for kampot.,Response code 200 received for kampot.
Bathsheba,Request 143 sent for bathsheba.,Response code 200 received for bathsheba.
Ribeira Grande,Request 144 sent for ribeira grande.,Response code 200 received for ribeira grande.
Aklavik,Request 145 sent for aklavik.,Response code 200 received for aklavik.
Saldanha,Request 146 sent for saldanha.,Response code 200 received for saldanha.
Longyearbyen,Request 147 sent for longyearbyen.,Response code 200 received for longyearbyen.
Dingle,Request 148 sent for dingle.,Response code 200 received for dingle.
Bor,Request 149 sent for bor.,Response code 200 received for bor.
Thompson,Request 150 sent for thompson.,Response code 200 received for thompson.
Payerne,Request 151 sent for payerne.,Response code 200 received for payerne.
Jacareacanga,Request 153 sent for jacareacanga.,Response code 200 received for jacareacanga.
Patiya,Request 155 sent for patiya.,Response code 200 received for patiya.
Ndélé,Request 156 sent for ndele.,Response code 200 received for ndele.
Dikson,Request 157 sent for dikson.,Response code 200 received for dikson.
Muisne,Request 158 sent for muisne.,Response code 200 received for muisne.
Mgachi,Request 159 sent for mgachi.,Response code 200 received for mgachi.
Erenhot,Request 160 sent for erenhot.,Response code 200 received for erenhot.
Qaanaaq,Request 161 sent for qaanaaq.,Response code 200 received for qaanaaq.
Mount Isa,Request 162 sent for mount isa.,Response code 200 received for mount isa.
Sarangani,Request 163 sent for sarangani.,Response code 200 received for sarangani.
Alice Springs,Request 164 sent for alice springs.,Response code 200 received for alice springs.
Vaini,Request 165 sent for vaini.,Response code 200 received for vaini.
Kieta,Request 166 sent for kieta.,Response code 200 received for kieta.
Ponta do Sol,Request 167 sent for ponta do sol.,Response code 200 received for ponta do sol.
Zarubino,Request 169 sent for zarubino.,Response code 200 received for zarubino.
Forsytheganj,Request 170 sent for svetlogorsk.,Response code 200 received for svetlogorsk.
Seoul,Request 171 sent for seoul.,Response code 200 received for seoul.
Hongjiang,Request 172 sent for hongjiang.,Response code 200 received for hongjiang.
Ancud,Request 173 sent for ancud.,Response code 200 received for ancud.
Mar del Plata,Request 174 sent for mar del plata.,Response code 200 received for mar del plata.
Tuatapere,Request 175 sent for tuatapere.,Response code 200 received for tuatapere.
Port Augusta,Request 176 sent for port augusta.,Response code 200 received for port augusta.
Mt. Pleasant,Request 177 sent for mount pleasant.,Response code 200 received for mount pleasant.
Prince Rupert,Request 178 sent for prince rupert.,Response code 200 received for prince rupert.
Gamba,Request 179 sent for gamba.,Response code 200 received for gamba.
Makakilo City,Request 180 sent for makakilo city.,Response code 200 received for makakilo city.
Road Town,Request 181 sent for road town.,Response code 200 received for road town.
Hirara,Request 182 sent for hirara.,Response code 200 received for hirara.
Port Hardy,Request 183 sent for port hardy.,Response code 200 received for port hardy.
Poum,Request 184 sent for poum.,Response code 200 received for poum.
Qurayyat,Request 185 sent for qurayyat.,Response code 200 received for qurayyat.
Santa Maria,Request 186 sent for santa maria.,Response code 200 received for santa maria.
Yeppoon,Request 187 sent for yeppoon.,Response code 200 received for yeppoon.
Kaeo,Request 188 sent for kaeo.,Response code 200 received for kaeo.
Thaton,Request 189 sent for thaton.,Response code 200 received for thaton.
Vila,Request 190 sent for vila.,Response code 200 received for vila.
Berlevåg,Request 191 sent for berlevag.,Response code 200 received for berlevag.
Karratha,Request 192 sent for karratha.,Response code 200 received for karratha.
Vostok,Request 193 sent for vostok.,Response code 200 received for vostok.
Saint George,Request 194 sent for saint george.,Response code 200 received for saint george.
Rongcheng,Request 195 sent for rongcheng.,Response code 200 received for rongcheng.
Vanimo,Request 196 sent for vanimo.,Response code 200 received for vanimo.
Kilindoni,Request 197 sent for kilindoni.,Response code 200 received for kilindoni.
Pacific Grove,Request 198 sent for pacific grove.,Response code 200 received for pacific grove.
Roseburg,Request 199 sent for roseburg.,Response code 200 received for roseburg.
Teeli,Request 200 sent for teeli.,Response code 200 received for teeli.
Non Sang,Request 201 sent for non sang.,Response code 200 received for non sang.
Barrow,Request 202 sent for barrow.,Response code 200 received for barrow.
Vestmannaeyjar,Request 203 sent for vestmannaeyjar.,Response code 200 received for vestmannaeyjar.
Fort Saint James,Request 204 sent for fort saint james.,Response code 200 received for fort saint james.
Samokov,Request 205 sent for samokov.,Response code 200 received for samokov.
Samaná,Request 206 sent for samana.,Response code 200 received for samana.
Hailin,Request 207 sent for hailin.,Response code 200 received for hailin.
Kupang,Request 208 sent for kupang.,Response code 200 received for kupang.
Nhulunbuy,Request 210 sent for nhulunbuy.,Response code 200 received for nhulunbuy.
Nikolskoye,Request 211 sent for nikolskoye.,Response code 200 received for nikolskoye.
Beringovskiy,Request 212 sent for beringovskiy.,Response code 200 received for beringovskiy.
Delvāda,Request 213 sent for delvada.,Response code 200 received for delvada.
Mbeya,Request 214 sent for mbeya.,Response code 200 received for mbeya.
West Wendover,Request 215 sent for west wendover.,Response code 200 received for west wendover.
Chokwé,Request 216 sent for chokwe.,Response code 200 received for chokwe.
Geraldton,Request 217 sent for geraldton.,Response code 200 received for geraldton.
Hambantota,Request 218 sent for hambantota.,Response code 200 received for hambantota.
Lokosovo,Request 219 sent for lokosovo.,Response code 200 received for lokosovo.
Brigantine,Request 220 sent for brigantine.,Response code 200 received for brigantine.
Caravelas,Request 221 sent for caravelas.,Response code 200 received for caravelas.
Ust'-Barguzin,Request 222 sent for ust-barguzin.,Response code 200 received for ust-barguzin.
Xichang,Request 223 sent for xichang.,Response code 200 received for xichang.
Severo-Kuril'sk,Request 224 sent for severo-kurilsk.,Response code 200 received for severo-kurilsk.
Nabire,Request 225 sent for nabire.,Response code 200 received for nabire.
Esperance,Request 226 sent for esperance.,Response code 200 received for esperance.
Sitka,Request 227 sent for sitka.,Response code 200 received for sitka.
Cap Malheureux,Request 228 sent for cap malheureux.,Response code 200 received for cap malheureux.
Kahului,Request 229 sent for kahului.,Response code 200 received for kahului.
Terrace,Request 230 sent for terrace.,Response code 200 received for terrace.
Zhangjiakou,Request 231 sent for zhangjiakou.,Response code 200 received for zhangjiakou.
Ayan,Request 232 sent for ayan.,Response code 200 received for ayan.
Atlantic Beach,Request 233 sent for atlantic beach.,Response code 200 received for atlantic beach.
Klaksvík,Request 234 sent for klaksvik.,Response code 200 received for klaksvik.
Lakes Entrance,Request 235 sent for lakes entrance.,Response code 200 received for lakes entrance.
Chui,Request 236 sent for chuy.,Response code 200 received for chuy.
Buta,Request 238 sent for buta.,Response code 200 received for buta.
Tiksi,Request 239 sent for tiksi.,Response code 200 received for tiksi.
Hibbing,Request 240 sent for hibbing.,Response code 200 received for hibbing.
Ambilobe,Request 241 sent for ambilobe.,Response code 200 received for ambilobe.
Melendugno,Request 242 sent for melendugno.,Response code 200 received for melendugno.
Saint-Philippe,Request 243 sent for saint-philippe.,Response code 200 received for saint-philippe.
São Filipe,Request 244 sent for sao filipe.,Response code 200 received for sao filipe.
Bara,Request 245 sent for bara.,Response code 200 received for bara.
Kruisfontein,Request 246 sent for kruisfontein.,Response code 200 received for kruisfontein.
Hwange,Request 247 sent for hwange.,Response code 200 received for hwange.
Troitskoye,Request 248 sent for troitskoye.,Response code 200 received for troitskoye.
Kirakira,Request 249 sent for kirakira.,Response code 200 received for kirakira.
Cartagena,Request 250 sent for cartagena.,Response code 200 received for cartagena.
Cherskiy,Request 251 sent for cherskiy.,Response code 200 received for cherskiy.
Pisco,Request 252 sent for pisco.,Response code 200 received for pisco.
Sribne,Request 253 sent for sribne.,Response code 200 received for sribne.
Yonezawa,Request 254 sent for yonezawa.,Response code 200 received for yonezawa.
Okhotsk,Request 255 sent for okhotsk.,Response code 200 received for okhotsk.
Saint-Louis,Request 257 sent for saint-louis.,Response code 200 received for saint-louis.
Kamenka,Request 258 sent for kamenka.,Response code 200 received for kamenka.
Lüshunkou,Request 259 sent for port arthur.,Response code 200 received for port arthur.
Garoowe,Request 260 sent for garowe.,Response code 200 received for garowe.
Mananara,Request 261 sent for mananara.,Response code 200 received for mananara.
Kropotkin,Request 262 sent for kropotkin.,Response code 200 received for kropotkin.
Khatanga,Request 263 sent for khatanga.,Response code 200 received for khatanga.
Puerto Ayora,Request 264 sent for puerto ayora.,Response code 200 received for puerto ayora.
Chipinge,Request 265 sent for chipinge.,Response code 200 received for chipinge.
Port Macquarie,Request 266 sent for port macquarie.,Response code 200 received for port macquarie.
Cayenne,Request 267 sent for cayenne.,Response code 200 received for cayenne.
Peniche,Request 268 sent for peniche.,Response code 200 received for peniche.
Hilo,Request 269 sent for hilo.,Response code 200 received for hilo.
Cabo San Lucas,Request 270 sent for cabo san lucas.,Response code 200 received for cabo san lucas.
Maïné Soroa,Request 271 sent for maine-soroa.,Response code 200 received for maine-soroa.
Maningrida,Request 272 sent for maningrida.,Response code 200 received for maningrida.
Neryungri,Request 273 sent for neryungri.,Response code 200 received for neryungri.
Bowen,Request 274 sent for bowen.,Response code 200 received for bowen.
Samarai,Request 275 sent for samarai.,Response code 200 received for samarai.
Tasiilaq,Request 276 sent for tasiilaq.,Response code 200 received for tasiilaq.
Pimentel,Request 277 sent for pimentel.,Response code 200 received for pimentel.
Bubaque,Request 278 sent for bubaque.,Response code 200 received for bubaque.
Siddāpur,Request 279 sent for siddapur.,Response code 200 received for siddapur.
Gobabis,Request 280 sent for gobabis.,Response code 200 received for gobabis.
College,Request 281 sent for college.,Response code 200 received for college.
Zhenlai,Request 282 sent for zhenlai.,Response code 200 received for zhenlai.
Lüderitz,Request 283 sent for luderitz.,Response code 200 received for luderitz.
Xai-Xai,Request 284 sent for xai-xai.,Response code 200 received for xai-xai.
Faanui,Request 285 sent for faanui.,Response code 200 received for faanui.
Bang Saphan,Request 286 sent for bang saphan.,Response code 200 received for bang saphan.
Remontnoye,Request 287 sent for remontnoye.,Response code 200 received for remontnoye.
Birao,Request 289 sent for birao.,Response code 200 received for birao.
Heishan,Request 291 sent for heishan.,Response code 200 received for heishan.
Codrington,Request 292 sent for codrington.,Response code 200 received for codrington.
Rio Grande,Request 293 sent for rio grande.,Response code 200 received for rio grande.
Kaya,Request 296 sent for kaya.,Response code 200 received for kaya.
Ajdabiya,Request 298 sent for ajdabiya.,Response code 200 received for ajdabiya.
Aswān,Request 299 sent for aswan.,Response code 200 received for aswan.
Portland,Request 300 sent for portland.,Response code 200 received for portland.
Burē,Request 301 sent for bure.,Response code 200 received for bure.
Salalah,Request 302 sent for salalah.,Response code 200 received for salalah.
Hamilton,Request 303 sent for hamilton.,Response code 200 received for hamilton.
Clearwater,Request 305 sent for clearwater.,Response code 200 received for clearwater.
Richards Bay,Request 306 sent for richards bay.,Response code 200 received for richards bay.
Norman Wells,Request 307 sent for norman wells.,Response code 200 received for norman wells.
Perth,Request 308 sent for perth.,Response code 200 received for perth.
Karakol,Request 309 sent for karakol.,Response code 200 received for karakol.
Shimoda,Request 310 sent for shimoda.,Response code 200 received for shimoda.
Iwanai,Request 311 sent for iwanai.,Response code 200 received for iwanai.
Bonthe,Request 313 sent for bonthe.,Response code 200 received for bonthe.
Flinders,Request 314 sent for flinders.,Response code 200 received for flinders.
Arraial do Cabo,Request 315 sent for arraial do cabo.,Response code 200 received for arraial do cabo.
Kakching,Request 316 sent for kakching.,Response code 200 received for kakching.
Mwinilunga,Request 318 sent for mwinilunga.,Response code 200 received for mwinilunga.
Bandraboua,Request 319 sent for bandraboua.,Response code 200 received for bandraboua.
Mayo,Request 320 sent for mayo.,Response code 200 received for mayo.
Oranjemund,Request 321 sent for oranjemund.,Response code 200 received for oranjemund.
Ordynskoye,Request 322 sent for ordynskoye.,Response code 200 received for ordynskoye.
Weyburn,Request 323 sent for weyburn.,Response code 200 received for weyburn.
Boa Vista,Request 324 sent for boa vista.,Response code 200 received for boa vista.
Lorengau,Request 325 sent for lorengau.,Response code 200 received for lorengau.
Broome,Request 326 sent for broome.,Response code 200 received for broome.
Ariquemes,Request 327 sent for ariquemes.,Response code 200 received for ariquemes.
Amapá,Request 328 sent for amapa.,Response code 200 received for amapa.
Polokwane,Request 330 sent for pietersburg.,Response code 200 received for pietersburg.
Chapais,Request 331 sent for chapais.,Response code 200 received for chapais.
Natá,Request 333 sent for nata.,Response code 200 received for nata.
Waipawa,Request 334 sent for waipawa.,Response code 200 received for waipawa.
Altay,Request 335 sent for altay.,Response code 200 received for altay.
Havre-St-Pierre,Request 336 sent for havre-saint-pierre.,Response code 200 received for havre-saint-pierre.
Callaway,Request 337 sent for callaway.,Response code 200 received for callaway.
Lavrentiya,Request 339 sent for lavrentiya.,Response code 200 received for lavrentiya.
Cheremshan,Request 340 sent for cheremshan.,Response code 200 received for cheremshan.
Trelleborg,Request 341 sent for trelleborg.,Response code 200 received for trelleborg.
Porto-Novo,Request 343 sent for porto novo.,Response code 200 received for porto novo.
Sampit,Request 344 sent for sampit.,Response code 200 received for sampit.
Soe,Request 345 sent for soe.,Response code 200 received for soe.
Krasnohrad,Request 346 sent for krasnohrad.,Response code 200 received for krasnohrad.
Boden,Request 347 sent for boden.,Response code 200 received for boden.
Lazarev,Request 348 sent for lazarev.,Response code 200 received for lazarev.
Libertador General San Martín,Request 349 sent for libertador general san martin.,Response code 200 received for libertador general san martin.
Cabedelo,Request 351 sent for cabedelo.,Response code 200 received for cabedelo.
Gorin,Request 352 sent for gorin.,Response code 200 received for gorin.
Stann Creek Town,Request 353 sent for dangriga.,Response code 200 received for dangriga.
Epping,Request 354 sent for epping.,Response code 200 received for epping.
Bow Island,Request 356 sent for bow island.,Response code 200 received for bow island.
Virginia Beach,Request 357 sent for virginia beach.,Response code 200 received for virginia beach.
Alofi,Request 358 sent for alofi.,Response code 200 received for alofi.
Itoman,Request 359 sent for itoman.,Response code 200 received for itoman.
Pangai,Request 360 sent for pangai.,Response code 200 received for pangai.
Godfrey,Request 361 sent for godfrey.,Response code 200 received for godfrey.
Malindi,Request 363 sent for malindi.,Response code 200 received for malindi.
Barranca,Request 364 sent for barranca.,Response code 200 received for barranca.
Chenzhou,Request 365 sent for chenzhou.,Response code 200 received for chenzhou.
Kletskaya,Request 366 sent for kletskaya.,Response code 200 received for kletskaya.
San Patricio,Request 367 sent for san patricio.,Response code 200 received for san patricio.
Zhicheng,Request 368 sent for zhicheng.,Response code 200 received for zhicheng.
Sítio Novo do Tocantins,Request 369 sent for sitio novo do tocantins.,Response code 200 received for sitio novo do tocantins.
Muros,Request 370 sent for muros.,Response code 200 received for muros.
Thinadhoo,Request 372 sent for thinadhoo.,Response code 200 received for thinadhoo.
Chingirlau,Request 373 sent for chingirlau.,Response code 200 received for chingirlau.
Harbour Breton,Request 374 sent for harbour breton.,Response code 200 received for harbour breton.
Provideniya,Request 375 sent for provideniya.,Response code 200 received for provideniya.
Lodwar,Request 376 sent for lodwar.,Response code 200 received for lodwar.
Carutapera,Request 377 sent for carutapera.,Response code 200 received for carutapera.
Bengkulu,Request 378 sent for bengkulu.,Response code 200 received for bengkulu.
Pindi Gheb,Request 379 sent for pindi gheb.,Response code 200 received for pindi gheb.
Yangi Marg`ilon,Request 380 sent for komsomolskiy.,Response code 200 received for komsomolskiy.
Ortigueira,Request 381 sent for ortigueira.,Response code 200 received for ortigueira.
Malakal,Request 382 sent for malakal.,Response code 200 received for malakal.
Tura,Request 383 sent for tura.,Response code 200 received for tura.
Faya,Request 384 sent for faya.,Response code 200 received for faya.
Gravdal,Request 385 sent for gravdal.,Response code 200 received for gravdal.
Ketchikan,Request 386 sent for ketchikan.,Response code 200 received for ketchikan.
Kargil,Request 387 sent for kargil.,Response code 200 received for kargil.
Polyarny,Request 388 sent for polyarnyy.,Response code 200 received for polyarnyy.
Nouadhibou,Request 389 sent for nouadhibou.,Response code 200 received for nouadhibou.
Novoseleznëvo,Request 390 sent for novoseleznevo.,Response code 200 received for novoseleznevo.
Shīeli,Request 391 sent for shieli.,Response code 200 received for shieli.
Beberibe,Request 392 sent for beberibe.,Response code 200 received for beberibe.
Roald,Request 393 sent for roald.,Response code 200 received for roald.
Shumskiy,Request 395 sent for shumskiy.,Response code 200 received for shumskiy.
Nuuk,Request 396 sent for nuuk.,Response code 200 received for nuuk.
The Valley,Request 397 sent for the valley.,Response code 200 received for the valley.
Estación Coahuila,Request 398 sent for estacion coahuila.,Response code 200 received for estacion coahuila.
Katsuura,Request 399 sent for katsuura.,Response code 200 received for katsuura.
Conde,Request 400 sent for conde.,Response code 200 received for conde.
Revda,Request 401 sent for revda.,Response code 200 received for revda.
Port Said,Request 402 sent for port said.,Response code 200 received for port said.
Bohuslav,Request 403 sent for bohuslav.,Response code 200 received for bohuslav.
Fernandina Beach,Request 404 sent for fernandina beach.,Response code 200 received for fernandina beach.
Ust'-Omchug,Request 405 sent for ust-omchug.,Response code 200 received for ust-omchug.
Vermillion,Request 406 sent for vermillion.,Response code 200 received for vermillion.
Tilichiki,Request 408 sent for tilichiki.,Response code 200 received for tilichiki.
Khuzhir,Request 409 sent for khuzhir.,Response code 200 received for khuzhir.
Paullo,Request 410 sent for paullo.,Response code 200 received for paullo.
Harbin,Request 411 sent for harbin.,Response code 200 received for harbin.
Sosnovka,Request 412 sent for sosnovka.,Response code 200 received for sosnovka.
Ternate,Request 413 sent for ternate.,Response code 200 received for ternate.
Maroua,Request 414 sent for maroua.,Response code 200 received for maroua.
Korla,Request 415 sent for korla.,Response code 200 received for korla.
Husavik,Request 416 sent for husavik.,Response code 200 received for husavik.
Tautira,Request 417 sent for tautira.,Response code 200 received for tautira.
Soyo,Request 418 sent for soyo.,Response code 200 received for soyo.
Manzanillo,Request 419 sent for manzanillo.,Response code 200 received for manzanillo.
Verkhnyaya Inta,Request 420 sent for verkhnyaya inta.,Response code 200 received for verkhnyaya inta.
Asău,Request 421 sent for asau.,Response code 200 received for asau.
Abasolo,Request 422 sent for abasolo.,Response code 200 received for abasolo.
Vao,Request 423 sent for vao.,Response code 200 received for vao.
Shache,Request 424 sent for shache.,Response code 200 received for shache.
Honiara,Request 425 sent for honiara.,Response code 200 received for honiara.
Metro,Request 427 sent for metro.,Response code 200 received for metro.
Touros,Request 429 sent for touros.,Response code 200 received for touros.
Guilin,Request 431 sent for guilin.,Response code 200 received for guilin.
Greenwood,Request 432 sent for greenwood.,Response code 200 received for greenwood.
Talnakh,Request 433 sent for talnakh.,Response code 200 received for talnakh.
Troitsk,Request 434 sent for troitsk.,Response code 200 received for troitsk.
Isangel,Request 435 sent for isangel.,Response code 200 received for isangel.
Bridlington,Request 436 sent for bridlington.,Response code 200 received for bridlington.
Tacuatí,Request 437 sent for tacuati.,Response code 200 received for tacuati.
Raudeberg,Request 438 sent for raudeberg.,Response code 200 received for raudeberg.
Tokur,Request 439 sent for tokur.,Response code 200 received for tokur.
Orodara,Request 440 sent for orodara.,Response code 200 received for orodara.
Natchez,Request 441 sent for natchez.,Response code 200 received for natchez.
Ahipara,Request 443 sent for ahipara.,Response code 200 received for ahipara.
Caucayá,Request 444 sent for puerto leguizamo.,Response code 200 received for puerto leguizamo.
Bereda,Request 445 sent for bereda.,Response code 200 received for bereda.
Rome,Request 446 sent for rome.,Response code 200 received for rome.
Tromsø,Request 447 sent for tromso.,Response code 200 received for tromso.
Miyako,Request 448 sent for miyako.,Response code 200 received for miyako.
Bolgar,Request 449 sent for bolgar.,Response code 200 received for bolgar.
Tabou,Request 450 sent for tabou.,Response code 200 received for tabou.
Northam,Request 451 sent for northam.,Response code 200 received for northam.
Te Anau,Request 452 sent for te anau.,Response code 200 received for te anau.
San Buenaventura,Request 453 sent for san buenaventura.,Response code 200 received for san buenaventura.
Kudahuvadhoo,Request 454 sent for kudahuvadhoo.,Response code 200 received for kudahuvadhoo.
Meulaboh,Request 455 sent for meulaboh.,Response code 200 received for meulaboh.
Zhigansk,Request 456 sent for zhigansk.,Response code 200 received for zhigansk.
Conceição do Araguaia,Request 457 sent for conceicao do araguaia.,Response code 200 received for conceicao do araguaia.
Gombe,Request 458 sent for gombe.,Response code 200 received for gombe.
Philadelphia,Request 459 sent for filadelfia.,Response code 200 received for filadelfia.
Bayangol,Request 460 sent for bayangol.,Response code 200 received for bayangol.
Bougouni,Request 461 sent for bougouni.,Response code 200 received for bougouni.
Rantepao,Request 462 sent for rantepao.,Response code 200 received for rantepao.
Buchanan,Request 463 sent for buchanan.,Response code 200 received for buchanan.
Nālūt,Request 464 sent for nalut.,Response code 200 received for nalut.
Manta,Request 465 sent for manta.,Response code 200 received for manta.
Hendaye,Request 466 sent for hendaye.,Response code 200 received for hendaye.
Narsaq,Request 467 sent for narsaq.,Response code 200 received for narsaq.
Lagoa,Request 468 sent for lagoa.,Response code 200 received for lagoa.
Banda Aceh,Request 469 sent for banda aceh.,Response code 200 received for banda aceh.
Lata,Request 470 sent for lata.,Response code 200 received for lata.
Truth or Consequences,Request 471 sent for truth or consequences.,Response code 200 received for truth or consequences.
Novoagansk,Request 472 sent for novoagansk.,Response code 200 received for novoagansk.
Sur,Request 473 sent for sur.,Response code 200 received for sur.
Moundou,Request 474 sent for moundou.,Response code 200 received for moundou.
Emerald,Request 476 sent for emerald.,Response code 200 received for emerald.
Tianpeng,Request 478 sent for tianpeng.,Response code 200 received for tianpeng.
Jieshi,Request 479 sent for jieshi.,Response code 200 received for jieshi.
Clyde River,Request 480 sent for clyde river.,Response code 200 received for clyde river.
Bonavista,Request 481 sent for bonavista.,Response code 200 received for bonavista.
Aksu,Request 482 sent for aksu.,Response code 200 received for aksu.
Arrondissement de Cognac,Request 483 sent for cognac.,Response code 200 received for cognac.
Constitución,Request 484 sent for constitucion.,Response code 200 received for constitucion.
Liverpool,Request 485 sent for liverpool.,Response code 200 received for liverpool.
Khandagayty,Request 486 sent for khandagayty.,Response code 200 received for khandagayty.
Boende,Request 487 sent for boende.,Response code 200 received for boende.
Fort-Shevchenko,Request 488 sent for fort-shevchenko.,Response code 200 received for fort-shevchenko.
Faranah,Request 489 sent for faranah.,Response code 200 received for faranah.
Hobyo,Request 490 sent for hobyo.,Response code 200 received for hobyo.
Mackay,Request 491 sent for mackay.,Response code 200 received for mackay.
Tiarei,Request 492 sent for tiarei.,Response code 200 received for tiarei.
Kolondiéba,Request 493 sent for kolondieba.,Response code 200 received for kolondieba.
Uyuni,Request 494 sent for uyuni.,Response code 200 received for uyuni.
Mattru,Request 495 sent for mattru.,Response code 200 received for mattru.
Abnūb,Request 496 sent for abnub.,Response code 200 received for abnub.
Opuwo,Request 497 sent for opuwo.,Response code 200 received for opuwo.
Rapid Valley,Request 498 sent for rapid valley.,Response code 200 received for rapid valley.
Doctor Mora,Request 500 sent for doctor mora.,Response code 200 received for doctor mora.
Areosa,Request 501 sent for areosa.,Response code 200 received for areosa.
Pervomayskiy,Request 502 sent for pervomayskiy.,Response code 200 received for pervomayskiy.
Nishihara,Request 503 sent for nishihara.,Response code 200 received for nishihara.
Jadu,Request 504 sent for jadu.,Response code 200 received for jadu.
Nanortalik,Request 505 sent for nanortalik.,Response code 200 received for nanortalik.
Yar-Sale,Request 506 sent for yar-sale.,Response code 200 received for yar-sale.
Korčula,Request 507 sent for korcula.,Response code 200 received for korcula.
Port Blair,Request 508 sent for port blair.,Response code 200 received for port blair.
Mae Sai,Request 509 sent for mae sai.,Response code 200 received for mae sai.
Ratnagiri,Request 510 sent for ratnagiri.,Response code 200 received for ratnagiri.
Salto,Request 511 sent for salto.,Response code 200 received for salto.
Flin Flon,Request 512 sent for flin flon.,Response code 200 received for flin flon.
Pouébo,Request 513 sent for pouebo.,Response code 200 received for pouebo.
Victoria Point,Request 514 sent for victoria point.,Response code 200 received for victoria point.
Marhaura,Request 515 sent for marhaura.,Response code 200 received for marhaura.
Waterloo,Request 516 sent for waterloo.,Response code 200 received for waterloo.
Kamaishi,Request 517 sent for kamaishi.,Response code 200 received for kamaishi.
Buala,Request 518 sent for buala.,Response code 200 received for buala.
Praia da Vitória,Request 519 sent for praia da vitoria.,Response code 200 received for praia da vitoria.
Maţāy,Request 520 sent for matay.,Response code 200 received for matay.
Isabela,Request 521 sent for isabela.,Response code 200 received for isabela.
Rocha,Request 523 sent for rocha.,Response code 200 received for rocha.
Ciudad Río Bravo,Request 524 sent for rio bravo.,Response code 200 received for rio bravo.
Fort Nelson,Request 525 sent for fort nelson.,Response code 200 received for fort nelson.
Pilar,Request 527 sent for pilar.,Response code 200 received for pilar.
Nome,Request 528 sent for nome.,Response code 200 received for nome.
Wajima,Request 530 sent for wajima.,Response code 200 received for wajima.
Mago,Request 531 sent for mago.,Response code 200 received for mago.
Bandarbeyla,Request 532 sent for bandarbeyla.,Response code 200 received for bandarbeyla.
Konya Province,Request 533 sent for konya.,Response code 200 received for konya.
Aykhal,Request 534 sent for aykhal.,Response code 200 received for aykhal.
Atambua,Request 535 sent for atambua.,Response code 200 received for atambua.
Arlit,Request 536 sent for arlit.,Response code 200 received for arlit.
Whitehorse,Request 538 sent for whitehorse.,Response code 200 received for whitehorse.
Yining,Request 539 sent for yining.,Response code 200 received for yining.
Saint-Pierre,Request 540 sent for saint-pierre.,Response code 200 received for saint-pierre.
Kysyl-Syr,Request 541 sent for kysyl-syr.,Response code 200 received for kysyl-syr.
Auki,Request 542 sent for auki.,Response code 200 received for auki.
Birjand,Request 543 sent for birjand.,Response code 200 received for birjand.
Valdemārpils,Request 544 sent for valdemarpils.,Response code 200 received for valdemarpils.
Avera,Request 545 sent for avera.,Response code 200 received for avera.
Ucluelet,Request 547 sent for ucluelet.,Response code 200 received for ucluelet.
Lagunillas,Request 548 sent for lagunillas.,Response code 200 received for lagunillas.
Beloha,Request 549 sent for beloha.,Response code 200 received for beloha.
Khilok,Request 550 sent for khilok.,Response code 200 received for khilok.
Henties Bay,Request 551 sent for henties bay.,Response code 200 received for henties bay.
Diamantino,Request 552 sent for diamantino.,Response code 200 received for diamantino.
Puerto Escondido,Request 553 sent for puerto escondido.,Response code 200 received for puerto escondido.
Mirwah,Request 554 sent for mirwah.,Response code 200 received for mirwah.
Kletnya,Request 555 sent for kletnya.,Response code 200 received for kletnya.
Lundazi,Request 557 sent for lundazi.,Response code 200 received for lundazi.
Ondangwa,Request 558 sent for ondangwa.,Response code 200 received for ondangwa.
Chara,Request 559 sent for chara.,Response code 200 received for chara.
El Alto,Request 560 sent for el alto.,Response code 200 received for el alto.
Fare,Request 561 sent for fare.,Response code 200 received for fare.
Vestmanna,Request 562 sent for vestmanna.,Response code 200 received for vestmanna.
Cotonou,Request 563 sent for cotonou.,Response code 200 received for cotonou.
Unaí,Request 564 sent for unai.,Response code 200 received for unai.
Sakakah,Request 565 sent for sakakah.,Response code 200 received for sakakah.
Steinbach am Taunus,Request 566 sent for steinbach.,Response code 200 received for steinbach.
Manali,Request 567 sent for manali.,Response code 200 received for manali.
Laas,Request 568 sent for lasa.,Response code 200 received for lasa.
São João da Barra,Request 569 sent for sao joao da barra.,Response code 200 received for sao joao da barra.
Tevaitoa,Request 570 sent for tevaitoa.,Response code 200 received for tevaitoa.
Pangnirtung,Request 571 sent for pangnirtung.,Response code 200 received for pangnirtung.
Ulladulla,Request 572 sent for ulladulla.,Response code 200 received for ulladulla.
Kachīry,Request 573 sent for kachiry.,Response code 200 received for kachiry.
Grand-Santi,Request 574 sent for grand-santi.,Response code 200 received for grand-santi.
Stolin,Request 575 sent for stolin.,Response code 200 received for stolin.
Hvolsvollur,Request 576 sent for hvolsvollur.,Response code 200 received for hvolsvollur.
Grand Gaube,Request 578 sent for grand gaube.,Response code 200 received for grand gaube.
Gumlā,Request 579 sent for gumla.,Response code 200 received for gumla.
Ugoofaaru,Request 580 sent for ugoofaaru.,Response code 200 received for ugoofaaru.
Iquitos,Request 581 sent for iquitos.,Response code 200 received for iquitos.
Adrar,Request 582 sent for adrar.,Response code 200 received for adrar.
Suntar,Request 583 sent for suntar.,Response code 200 received for suntar.
Tobol'sk,Request 584 sent for tobolsk.,Response code 200 received for tobolsk.
Kholodnyy,Request 585 sent for kholodnyy.,Response code 200 received for kholodnyy.
Ippy,Request 586 sent for ippy.,Response code 200 received for ippy.
Takoradze,Request 588 sent for takoradi.,Response code 200 received for takoradi.
Gemeente Wageningen,Request 589 sent for wageningen.,Response code 200 received for wageningen.
San Pedro Carchá,Request 590 sent for san pedro carcha.,Response code 200 received for san pedro carcha.
Denpasar,Request 591 sent for denpasar.,Response code 200 received for denpasar.
Okha,Request 592 sent for okha.,Response code 200 received for okha.
Airai,Request 593 sent for airai.,Response code 200 received for airai.
Otjimbingwe,Request 594 sent for otjimbingwe.,Response code 200 received for otjimbingwe.
Atar,Request 595 sent for atar.,Response code 200 received for atar.
Tazovsky,Request 596 sent for tazovskiy.,Response code 200 received for tazovskiy.
Sinegor'ye,Request 598 sent for sinegorye.,Response code 200 received for sinegorye.
Ürümqi,Request 599 sent for urumqi.,Response code 200 received for urumqi.
Maceió,Request 600 sent for maceio.,Response code 200 received for maceio.
Guatire,Request 601 sent for guatire.,Response code 200 received for guatire.
Semikarakorsk,Request 602 sent for semikarakorsk.,Response code 200 received for semikarakorsk.
Surab,Request 603 sent for surab.,Response code 200 received for surab.
Ishii,Request 606 sent for ishii.,Response code 200 received for ishii.
Oistins,Request 607 sent for oistins.,Response code 200 received for oistins.
Gumrak,Request 608 sent for gumrak.,Response code 200 received for gumrak.
St. George's,Request 609 sent for saint-georges.,Response code 200 received for saint-georges.
Kununurra,Request 610 sent for kununurra.,Response code 200 received for kununurra.
Lerwick,Request 611 sent for lerwick.,Response code 200 received for lerwick.
Santa Cruz de la Sierra,Request 612 sent for santa cruz.,Response code 200 received for santa cruz.
Spokane,Request 614 sent for spokane.,Response code 200 received for spokane.
Hay River,Request 615 sent for hay river.,Response code 200 received for hay river.
Zhuangyuan,Request 616 sent for qixia.,Response code 200 received for qixia.
Ola,Request 617 sent for ola.,Response code 200 received for ola.
Teguise,Request 618 sent for teguise.,Response code 200 received for teguise.
Kuril'sk,Request 619 sent for kurilsk.,Response code 200 received for kurilsk.
Tygda,Request 620 sent for tygda.,Response code 200 received for tygda.
Iquique,Request 621 sent for iquique.,Response code 200 received for iquique.
Kasongo-Lunda,Request 622 sent for kasongo-lunda.,Response code 200 received for kasongo-lunda.
Saint-Joseph,Request 623 sent for saint-joseph.,Response code 200 received for saint-joseph.
Havøysund,Request 624 sent for havoysund.,Response code 200 received for havoysund.
Gander,Request 625 sent for gander.,Response code 200 received for gander.
Sim,Request 626 sent for sim.,Response code 200 received for sim.
Bestöbe,Request 627 sent for bestobe.,Response code 200 received for bestobe.
Karsun,Request 628 sent for karsun.,Response code 200 received for karsun.
Tukums,Request 629 sent for tukums.,Response code 200 received for tukums.
Nouakchott,Request 630 sent for nouakchott.,Response code 200 received for nouakchott.
Antofagasta,Request 631 sent for antofagasta.,Response code 200 received for antofagasta.
Quang Ngai,Request 632 sent for quang ngai.,Response code 200 received for quang ngai.
Kodinsk,Request 633 sent for kodinsk.,Response code 200 received for kodinsk.
Zyryanovsk,Request 635 sent for zyryanovsk.,Response code 200 received for zyryanovsk.
North Bend,Request 636 sent for north bend.,Response code 200 received for north bend.
Carmo do Paranaíba,Request 637 sent for carmo do paranaiba.,Response code 200 received for carmo do paranaiba.
Westlock,Request 638 sent for westlock.,Response code 200 received for westlock.
Riyadh,Request 639 sent for riyadh.,Response code 200 received for riyadh.
Erzin,Request 640 sent for erzin.,Response code 200 received for erzin.
Moerai,Request 641 sent for moerai.,Response code 200 received for moerai.
Murdochville,Request 642 sent for murdochville.,Response code 200 received for murdochville.
